10000
10001 315966078549927213-ls-0-1 0 0 0 1
10002 315971495049927216-ls-0-1 2 0 0 0
10003
10004 315970822649927215-ls-0-1 1 0 0 0
10004 315970822649927215-ls-0-2 1 0 0 0
10004 315970822649927215-ls-0-3 0 1 0 0
10004 315970822649927215-ls-0-4 1 0 0 0
10004 315970822649927215-ls-0-5 0 0 0 0
10004 315970822649927215-ls-1-2 0 1 0 0
10004 315970822649927215-ls-1-3 2 0 0 0
10004 315970822649927215-ls-1-4 0 0 0 0
10004 315970822649927215-ls-1-5 2 0 0 0
10004 315970822649927215-ls-2-3 2 0 0 0
10004 315970822649927215-ls-2-4 0 1 0 0
10004 315970822649927215-ls-2-5 2 0 0 0
10004 315970822649927215-ls-2-5 1 0 0 0
10004 315970822649927215-ls-3-5 0 1 0 0
10004 315970822649927215-ls-4-5 2 0 0 0
10004 315970831649927222-ls-0-1 0 0 0 1
10004 315970831649927222-ls-0-2 1 0 0 0
10004 315970831649927222-ls-0-3 0 0 0 1
10004 315970831649927222-ls-0-4 1 0 0 1
10004 315970831649927222-ls-0-5 0 1 1 1
10004 315970831649927222-ls-0-6 1 0 0 1
10004 315970831649927222-ls-0-7 1 0 0 1
10004 315970831649927222-ls-1-2 1 0 0 0
10004 315970831649927222-ls-1-3 0 1 1 1
10004 315970831649927222-ls-1-4 1 0 0 1
10004 315970831649927222-ls-1-5 0 1 0 0
10004 315970831649927222-ls-1-6 1 0 0 0
10004 315970831649927222-ls-1-7 1 0 0 0
10004 315970831649927222-ls-2-3 2 0 0 1
10004 315970831649927222-ls-2-4 0 0 0 1
10004 315970831649927222-ls-2-5 2 0 0 1
10004 315970831649927222-ls-2-6 0 1 1 1
10004 315970831649927222-ls-2-7 0 0 0 1
10004 315970831649927222-ls-3-4 1 0 0 0
10004 315970831649927222-ls-3-5 0 0 0 0
10004 315970831649927222-ls-3-6 1 0 0 0
10004 315970831649927222-ls-3-7 1 0 0 0
10004 315970831649927222-ls-4-5 2 0 0 0
10004 315970831649927222-ls-4-6 0 0 0 0
10004 315970831649927222-ls-4-7 0 1 0 0
10004 315970831649927222-ls-5-6 1 0 0 0
10004 315970831649927222-ls-5-7 1 0 0 1
10004 315970831649927222-ls-6-7 0 1 1 1
10005
10006
10007 315967857449927223-ls-0-1 2 0 0 0
10008 315969525849927212-ls-0-1 1 0 0 0
10008 315969525849927212-ls-0-2 0 1 0 0
10008 315969525849927212-ls-0-3 1 0 0 0
10008 315969525849927212-ls-0-4 1 0 0 0
10008 315969525849927212-ls-1-2 2 0 0 0
10008 315969525849927212-ls-1-3 2 0 0 0
10008 315969525849927212-ls-1-4 0 1 0 0
10008 315969525849927212-ls-2-3 1 0 0 0
10008 315969525849927212-ls-2-4 1 0 0 0
10008 315969525849927212-ls-3-4 1 0 0 0
10008 315969530349927214-ls-0-1 1 0 0 0
10008 315969530349927214-ls-0-2 2 0 0 0
10008 315969530349927214-ls-1-2 2 0 0 0
10009
10010
10011 315966071549927211-ls-0-1 2 0 0 0
10011 315966071549927211-ls-0-2 1 0 0 0
10011 315966071549927211-ls-0-3 0 1 0 0
10011 315966071549927211-ls-1-2 1 0 0 0
10011 315966071549927211-ls-1-3 1 0 0 0
10011 315966071549927211-ls-2-3 2 0 0 0
10011 315966072049927221-ls-0-1 0 1 0 0
10011 315966072049927221-ls-0-2 2 0 0 0
10011 315966072049927221-ls-0-3 1 0 0 0
10011 315966072049927221-ls-1-2 2 0 0 1
10011 315966072049927221-ls-1-3 1 0 0 1
10011 315966072049927221-ls-2-3 1 0 0 0
10012 315970269949927214-ls-0-1 0 0 0 0
10012 315970269949927214-ls-0-2 0 0 0 0
10012 315970269949927214-ls-1-2 0 0 0 0
10013
10014 315974089949927214-ls-0-1 2 0 0 0
10014 315974089949927214-ls-0-2 2 0 0 0
10014 315974089949927214-ls-0-3 0 1 0 0
10014 315974089949927214-ls-1-2 0 1 0 0
10014 315974089949927214-ls-1-3 1 0 0 0
10014 315974089949927214-ls-2-3 1 0 0 0
10014 315974090449927216-ls-0-1 2 0 0 0
10014 315974090449927216-ls-0-2 2 0 0 0
10014 315974090449927216-ls-0-3 0 1 0 0
10014 315974090449927216-ls-1-2 0 1 1 1
10014 315974090449927216-ls-1-3 1 0 0 0
10014 315974090449927216-ls-2-3 1 0 0 0
10015
10016 315969258149927218-ls-0-1 2 0 0 0
10017 315971514249927213-ls-0-1 2 0 0 0
10017 315971514249927213-ls-0-2 2 0 0 0
10017 315971514249927213-ls-0-3 2 0 0 0
10017 315971514249927213-ls-0-4 2 0 0 0
10017 315971514249927213-ls-0-5 0 1 0 0
10017 315971514249927213-ls-1-2 2 0 0 0
10017 315971514249927213-ls-1-3 0 1 0 0
10017 315971514249927213-ls-1-4 2 0 0 0
10017 315971514249927213-ls-1-5 1 0 0 0
10017 315971514249927213-ls-2-3 1 0 0 0
10017 315971514249927213-ls-2-4 0 1 1 1
10017 315971514249927213-ls-2-5 1 0 0 0
10017 315971514249927213-ls-3-4 2 0 0 1
10017 315971514249927213-ls-3-5 1 0 0 0
10017 315971514249927213-ls-4-5 1 0 0 0
10018
10019
10020
10021 315968556349927212-ls-0-1 0 1 1 1
10021 315968556349927212-ls-0-2 0 0 0 0
10021 315968556349927212-ls-0-3 0 1 0 0
10021 315968556349927212-ls-1-2 0 0 0 0
10021 315968556349927212-ls-1-3 0 0 0 0
10021 315968556349927212-ls-2-3 0 1 1 1
10022 315969721849927215-ls-0-1 2 0 0 0
10022 315969721849927215-ls-0-2 2 0 0 0
10022 315969721849927215-ls-1-2 2 0 0 0
10022 315969724249927219-ls-0-1 1 0 0 0
10023 315974483149927216-ls-0-1 1 0 0 0
10023 315974492649927218-ls-0-1 2 0 0 0
10023 315974492649927218-ls-0-2 0 1 0 0
10023 315974492649927218-ls-0-3 1 0 0 0
10023 315974492649927218-ls-0-4 2 0 0 0
10023 315974492649927218-ls-0-5 1 0 0 0
10023 315974492649927218-ls-1-2 1 0 0 0
10023 315974492649927218-ls-1-3 1 0 0 0
10023 315974492649927218-ls-1-4 0 1 0 0
10023 315974492649927218-ls-1-5 1 0 0 0
10023 315974492649927218-ls-2-3 1 0 0 1
10023 315974492649927218-ls-2-4 2 0 0 0
10023 315974492649927218-ls-2-5 1 0 0 0
10023 315974492649927218-ls-3-4 2 0 0 0
10023 315974492649927218-ls-3-5 0 1 0 0
10023 315974492649927218-ls-4-5 1 0 0 0
10024
10025 315970928349927220-ls-0-1 1 0 0 0
10025 315970930349927219-ls-0-1 1 0 0 0
10026
10027 315969626949927216-ls-0-1 1 0 0 0
10027 315969628449927217-ls-0-1 1 0 0 0
10027 315969628449927217-ls-0-2 1 0 0 0
10027 315969628449927217-ls-1-2 1 0 0 0
10028
10029
10030 315966348349927215-ls-0-1 1 0 0 0
10030 315966348349927215-ls-0-2 1 0 0 1
10030 315966348349927215-ls-1-2 0 1 1 1
10030 315966351849927209-ls-0-1 2 0 0 0
10030 315966351849927209-ls-0-2 0 1 1 1
10030 315966351849927209-ls-1-2 1 0 0 1
10031 315966680449927217-ls-0-1 1 0 0 0
10032
10033
10034 315974477549927208-ls-0-1 1 0 0 0
10034 315974477549927208-ls-0-2 0 1 0 0
10034 315974477549927208-ls-1-2 2 0 0 0
10034 315974486049927223-ls-0-1 0 1 1 1
10034 315974486049927223-ls-0-2 1 0 0 1
10034 315974486049927223-ls-1-2 1 0 0 0
10035 315975279749927212-ls-0-1 2 0 0 1
10035 315975279749927212-ls-0-2 0 1 1 1
10035 315975279749927212-ls-0-3 2 0 0 1
10035 315975279749927212-ls-0-4 2 0 0 0
10035 315975279749927212-ls-0-5 2 0 0 0
10035 315975279749927212-ls-1-2 1 0 0 0
10035 315975279749927212-ls-1-3 1 0 0 0
10035 315975279749927212-ls-1-4 1 0 0 0
10035 315975279749927212-ls-1-5 0 1 0 0
10035 315975279749927212-ls-2-3 2 0 0 0
10035 315975279749927212-ls-2-4 2 0 0 0
10035 315975279749927212-ls-2-5 2 0 0 0
10035 315975279749927212-ls-3-4 0 1 0 0
10035 315975279749927212-ls-3-5 2 0 0 0
10035 315975279749927212-ls-4-5 2 0 0 0
10036 315971022849927213-ls-0-1 1 0 0 0
10036 315971022849927213-ls-0-2 1 0 0 0
10036 315971022849927213-ls-1-2 1 0 0 0
10036 315971027349927215-ls-0-1 2 0 0 0
10036 315971027349927215-ls-0-2 1 0 0 0
10036 315971027349927215-ls-1-2 1 0 0 0
10037 315971929449927223-ls-0-1 1 0 0 0
10037 315971929449927223-ls-0-2 0 1 1 1
10037 315971929449927223-ls-1-2 2 0 0 1
10038 315975584049927216-ls-0-1 1 0 0 0
10038 315975584049927216-ls-0-2 1 0 0 0
10038 315975584049927216-ls-1-2 1 0 0 0
10039 315968575949927213-ls-0-1 1 0 0 0
10040
10041 315966152349927210-ls-0-1 2 0 0 0
10041 315966152349927210-ls-0-2 0 1 0 0 
10041 315966152349927210-ls-0-3 2 0 0 0
10041 315966152349927210-ls-0-4 2 0 0 0
10041 315966152349927210-ls-1-2 1 0 0 0
10041 315966152349927210-ls-1-3 1 0 0 0
10041 315966152349927210-ls-1-4 0 1 0 0
10041 315966152349927210-ls-2-3 2 0 0 0
10041 315966152349927210-ls-2-4 2 0 0 0
10041 315966152349927210-ls-3-4 2 0 0 0
10041 315966163349927213-ls-0-1 0 0 0 0
10042
10043
10044 315971130449927212-ls-0-1 2 0 0 0
10044 315971130449927212-ls-0-2 2 0 0 0
10044 315971130449927212-ls-0-3 2 0 0 0
10044 315971130449927212-ls-0-4 0 1 1 1
10044 315971130449927212-ls-1-2 2 0 0 0
10044 315971130449927212-ls-1-3 0 1 0 0
10044 315971130449927212-ls-1-4 1 0 0 1
10044 315971130449927212-ls-2-3 1 0 0 0
10044 315971130449927212-ls-2-4 1 0 0 1
10044 315971130449927212-ls-3-4 1 0 0 1
10044 315971131449927215-ls-0-1 1 0 0 0
10045 315968670749927209-ls-0-1 2 0 0 0
10045 315968670749927209-ls-0-2 1 0 0 0
10045 315968670749927209-ls-1-2 1 0 0 0
10045 315968678249927220-ls-0-1 1 0 0 0
10045 315968678249927220-ls-0-2 0 1 0 0
10045 315968678249927220-ls-0-3 1 0 0 0
10045 315968678249927220-ls-1-2 2 0 0 0
10045 315968678249927220-ls-1-3 0 1 0 0
10045 315968678249927220-ls-2-3 0 1 0 0
10046 315971344149927222-ls-0-1 0 1 0 0
10047 315974243149927216-ls-0-1 0 1 0 0
10048 315968617849927222-ls-0-1 2 0 0 0
10048 315968617849927222-ls-0-2 2 0 0 1
10048 315968617849927222-ls-0-3 0 1 1 1
10048 315968617849927222-ls-1-2 0 1 1 1
10048 315968617849927222-ls-1-3 1 0 0 1
10048 315968617849927222-ls-2-3 1 0 0 0
10049 315968318149927219-ls-0-1 0 1 1 0
10049 315968318149927219-ls-0-2 1 0 0 0
10049 315968318149927219-ls-0-3 1 0 0 0
10049 315968318149927219-ls-0-4 1 0 0 0
10049 315968318149927219-ls-0-5 2 0 0 0
10049 315968318149927219-ls-0-6 1 0 0 0
10049 315968318149927219-ls-1-2 1 0 0 1
10049 315968318149927219-ls-1-3 1 0 0 0
10049 315968318149927219-ls-1-4 1 0 0 1
10049 315968318149927219-ls-1-5 2 0 0 1
10049 315968318149927219-ls-1-6 1 0 0 0
10049 315968318149927219-ls-2-3 0 1 0 0
10049 315968318149927219-ls-2-4 1 0 0 0
10049 315968318149927219-ls-2-5 2 0 0 0
10049 315968318149927219-ls-2-6 1 0 0 0
10049 315968318149927219-ls-3-4 1 0 0 1
10049 315968318149927219-ls-3-5 2 0 0 1
10049 315968318149927219-ls-3-6 1 0 0 0
10049 315968318149927219-ls-4-5 2 0 0 0
10049 315968318149927219-ls-4-6 0 1 0 0
10049 315968318149927219-ls-5-6 1 0 0 0
10049 315968328149927212-ls-0-1 2 0 0 0
10049 315968328149927212-ls-0-2 0 1 0 0
10049 315968328149927212-ls-0-3 1 0 0 0
10049 315968328149927212-ls-0-4 2 0 0 0
10049 315968328149927212-ls-0-5 2 0 0 0
10049 315968328149927212-ls-0-6 2 0 0 0
10049 315968328149927212-ls-0-7 0 0 0 0
10049 315968328149927212-ls-0-8 1 0 0 0
10049 315968328149927212-ls-0-9 2 0 0 0
10049 315968328149927212-ls-1-2 1 0 0 0
10049 315968328149927212-ls-1-3 1 0 0 0
10049 315968328149927212-ls-1-5 0 1 0 0
10049 315968328149927212-ls-1-6 2 0 0 0
10049 315968328149927212-ls-1-7 1 0 0 0
10049 315968328149927212-ls-1-8 1 0 0 0
10049 315968328149927212-ls-1-9 2 0 0 0
10049 315968328149927212-ls-2-3 1 0 0 1
10049 315968328149927212-ls-2-4 2 0 0 0
10049 315968328149927212-ls-2-5 2 0 0 0
10049 315968328149927212-ls-2-6 2 0 0 1
10049 315968328149927212-ls-2-7 0 1 0 0
10049 315968328149927212-ls-2-8 1 0 0 0
10049 315968328149927212-ls-2-9 2 0 0 0
10049 315968328149927212-ls-3-4 2 0 0 0
10049 315968328149927212-ls-3-5 2 0 0 0
10049 315968328149927212-ls-3-6 2 0 0 0
10049 315968328149927212-ls-3-7 2 0 0 0
10049 315968328149927212-ls-3-8 0 1 0 0
10049 315968328149927212-ls-3-9 2 0 0 0
10049 315968328149927212-ls-4-5 0 1 1 1
10049 315968328149927212-ls-4-6 2 0 0 1
10049 315968328149927212-ls-4-7 1 0 0 0
10049 315968328149927212-ls-4-8 1 0 0 1
10049 315968328149927212-ls-4-9 2 0 0 1
10049 315968328149927212-ls-5-6 2 0 0 1
10049 315968328149927212-ls-5-7 1 0 0 0
10049 315968328149927212-ls-5-8 1 0 0 0
10049 315968328149927212-ls-5-9 2 0 0 0
10049 315968328149927212-ls-6-7 1 0 0 0
10049 315968328149927212-ls-6-8 1 0 0 0
10049 315968328149927212-ls-6-9 0 1 0 0
10049 315968328149927212-ls-7-8 1 0 0 1
10049 315968328149927212-ls-7-9 2 0 0 1
10049 315968328149927212-ls-8-9 2 0 0 0
10050 315967929749927220-ls-0-1 2 0 0 0
10050 315967930249927216-ls-0-1 2 0 0 0
10051
10052 315974262849927218-ls-0-1 2 0 0 0
10052 315974262849927218-ls-0-2 0 1 0 0
10052 315974262849927218-ls-0-3 1 0 0 0
10052 315974262849927218-ls-1-2 1 0 0 0
10052 315974262849927218-ls-1-3 1 0 0 0
10052 315974262849927218-ls-2-3 1 0 0 1
10052 315974267849927210-ls-0-1 2 0 0 0
10052 315974267849927210-ls-0-2 1 0 0 0
10052 315974267849927210-ls-1-2 1 0 0 0
10053 315967121049927217-ls-0-1 1 0 0 0
10053 315967121049927217-ls-0-2 1 0 0 0
10053 315967121049927217-ls-1-2 1 0 0 0
10053 315967125049927213-ls-0-1 2 0 0 0
10053 315967125049927213-ls-0-2 1 0 0 0
10053 315967125049927213-ls-1-2 1 0 0 0
10054 315969636849927215-ls-0-1 2 0 0 0
10054 315969636849927215-ls-0-2 0 1 0 0
10054 315969636849927215-ls-0-3 2 0 0 0
10054 315969636849927215-ls-1-2 1 0 0 0
10054 315969636849927215-ls-1-3 2 0 0 0
10054 315969636849927215-ls-2-3 2 0 0 1
10054 315969637849927215-ls-0-1 1 0 0 0
10054 315969637849927215-ls-0-2 1 0 0 0
10054 315969637849927215-ls-0-3 0 1 0 0
10054 315969637849927215-ls-0-4 2 0 0 0
10054 315969637849927215-ls-1-2 0 1 0 0
10054 315969637849927215-ls-1-3 2 0 0 0
10054 315969637849927215-ls-1-4 2 0 0 0
10054 315969637849927215-ls-2-3 2 0 0 1
10054 315969637849927215-ls-2-4 2 0 0 1
10054 315969637849927215-ls-3-4 2 0 0 1
10055 315966656649927214-ls-0-1 0 0 0 0
10055 315966656649927214-ls-0-2 1 0 0 0
10055 315966656649927214-ls-0-3 0 1 0 0
10055 315966656649927214-ls-0-4 1 0 0 0
10055 315966656649927214-ls-0-5 1 0 0 0
10055 315966656649927214-ls-1-2 1 0 0 1
10055 315966656649927214-ls-1-3 0 1 1 1
10055 315966656649927214-ls-1-4 1 0 0 0
10055 315966656649927214-ls-1-5 1 0 0 1
10055 315966656649927214-ls-2-3 2 0 0 0
10055 315966656649927214-ls-2-4 0 1 0 0
10055 315966656649927214-ls-2-5 0 1 1 1
10055 315966656649927214-ls-3-4 1 0 0 0
10055 315966656649927214-ls-3-5 1 0 0 1
10055 315966656649927214-ls-4-5 0 0 0 1
10055 315966664149927216-ls-0-1 1 0 0 0
10056 315969316849927212-ls-0-1 0 1 1 1
10056 315969316849927212-ls-0-2 1 0 0 0
10056 315969316849927212-ls-0-3 1 0 0 1
10056 315969316849927212-ls-1-2 1 0 0 0
10056 315969316849927212-ls-1-3 1 0 0 0
10056 315969316849927212-ls-2-3 0 1 1 1
10056 315969319849927216-ls-0-1 2 0 0 0
10056 315969319849927216-ls-0-2 0 0 0 0
10056 315969319849927216-ls-0-3 2 0 0 0
10056 315969319849927216-ls-0-4 0 0 0 0
10056 315969319849927216-ls-1-2 1 0 0 0
10056 315969319849927216-ls-1-3 0 0 0 0
10056 315969319849927216-ls-1-4 1 0 0 0
10056 315969319849927216-ls-2-3 2 0 0 0
10056 315969319849927216-ls-2-4 0 0 0 0
10056 315969319849927216-ls-3-4 1 0 0 1
10057 315977902749927213-ls-0-1 1 0 0 0
10057 315977902749927213-ls-0-2 0 1 0 0
10057 315977902749927213-ls-1-2 2 0 0 0
10057 315977914249927209-ls-0-1 1 0 0 0
10058 315970483549927221-ls-0-1 1 0 0 0
10058 315970483549927221-ls-0-2 1 0 0 0
10058 315970483549927221-ls-0-3 0 1 0 0
10058 315970483549927221-ls-0-4 1 0 0 0
10058 315970483549927221-ls-0-5 1 0 0 0
10058 315970483549927221-ls-1-2 0 1 0 0
10058 315970483549927221-ls-1-3 2 0 0 0
10058 315970483549927221-ls-1-4 1 0 0 0
10058 315970483549927221-ls-1-5 1 0 0 0
10058 315970483549927221-ls-2-3 2 0 0 0
10058 315970483549927221-ls-2-4 1 0 0 1
10058 315970483549927221-ls-2-5 1 0 0 0
10058 315970483549927221-ls-3-4 1 0 0 1
10058 315970483549927221-ls-3-5 1 0 0 0
10058 315970483549927221-ls-4-5 0 1 0 0
10058 315970486049927222-ls-0-1 0 1 0 0
10058 315970486049927222-ls-0-2 2 0 0 0
10058 315970486049927222-ls-0-3 2 0 0 0
10058 315970486049927222-ls-0-4 1 0 0 0
10058 315970486049927222-ls-0-5 1 0 0 0
10058 315970486049927222-ls-1-2 2 0 0 0
10058 315970486049927222-ls-1-3 2 0 0 1
10058 315970486049927222-ls-1-4 1 0 0 0
10058 315970486049927222-ls-1-5 1 0 0 1
10058 315970486049927222-ls-2-3 0 1 1 1
10058 315970486049927222-ls-2-4 1 0 0 0
10058 315970486049927222-ls-2-5 1 0 0 1
10058 315970486049927222-ls-3-4 1 0 0 0
10058 315970486049927222-ls-3-5 1 0 0 0
10058 315970486049927222-ls-4-5 0 1 1 1
10059 315970050649927212-ls-0-1 2 0 0 0
10059 315970050649927212-ls-0-2 2 0 0 0
10059 315970050649927212-ls-0-3 0 0 0 0
10059 315970050649927212-ls-0-4 2 0 0 0
10059 315970050649927212-ls-1-2 0 1 0 0
10059 315970050649927212-ls-1-3 0 0 0 0
10059 315970050649927212-ls-1-4 1 0 0 0
10059 315970050649927212-ls-2-3 0 1 0 0
10059 315970050649927212-ls-2-4 0 0 0 0
10059 315970050649927212-ls-3-4 0 1 1 1
10059 315970054149927220-ls-0-1 0 0 0 0
10059 315970054149927220-ls-0-2 2 0 0 1
10059 315970054149927220-ls-0-3 0 1 1 1
10059 315970054149927220-ls-0-4 2 0 0 1
10059 315970054149927220-ls-0-5 0 0 0 1
10059 315970054149927220-ls-1-2 0 0 0 1
10059 315970054149927220-ls-1-3 1 0 0 1
10059 315970054149927220-ls-1-4 0 1 1 1
10059 315970054149927220-ls-1-5 1 0 0 1
10059 315970054149927220-ls-2-3 1 0 0 0
10059 315970054149927220-ls-2-4 0 1 0 0
10059 315970054149927220-ls-2-5 1 0 0 0
10059 315970054149927220-ls-3-4 2 0 0 0
10059 315970054149927220-ls-3-5 0 1 1 1
10059 315970054149927220-ls-4-5 1 0 0 1
10060 315967383449927220-ls-0-2 0 1 1 1
10060 315967383449927220-ls-1-3 0 1 1 1
10060 315967383449927220-ls-2-4 0 1 1 1
10060 315967383449927220-ls-3-7 0 1 1 1
10060 315967383449927220-ls-4-6 0 1 1 1
10060 315967387449927209-ls-2-5 0 1 1 1
10060 315967387449927209-ls-3-4 0 1 1 1
10062 315975777349927220-ls-0-2 0 1 1 1
10063 315978514249927218-ls-0-2 0 1 1 1
10063 315978514249927218-ls-0-4 0 1 1 1
10063 315978514249927218-ls-0-6 0 1 1 1
10063 315978514249927218-ls-1-3 0 1 1 1
10068 315972391949927208-ls-0-2 0 1 1 1
10068 315972391949927208-ls-1-3 0 1 1 1
10068 315972392449927208-ls-0-2 0 1 1 1
10068 315972392449927208-ls-1-3 0 1 1 1
10071 315971804149927211-ls-0-1 0 1 1 1
10071 315971804149927211-ls-0-2 0 1 1 1
10071 315971804149927211-ls-0-3 0 1 1 1
10074 315969301749927215-ls-0-1 0 1 1 1
10074 315969301749927215-ls-1-4 0 1 1 1
10074 315969301749927215-ls-3-5 0 1 1 1
10074 315969303749927219-ls-1-4 0 1 1 1
10079 315968947449927219-ls-0-3 0 1 1 1
10079 315968947449927219-ls-1-6 0 1 1 1
10079 315968947449927219-ls-2-8 0 1 1 1
10079 315968947449927219-ls-4-7 0 1 1 1
10080 315966140849927223-ls-0-2 0 1 1 1
10080 315966150349927221-ls-0-2 0 1 1 1
10093 315968158749927213-ls-0-2 0 1 1 1
10095 315974141249927220-ls-0-4 0 1 1 1
10095 315974141249927220-ls-1-8 0 1 1 1
10095 315974141249927220-ls-4-6 0 1 1 1
10097 315975544649927214-ls-0-1 0 1 1 1
10097 315975544649927214-ls-0-2 0 1 1 1
10097 315975545149927220-ls-0-1 0 1 1 1
10097 315975545149927220-ls-0-3 0 1 1 1
10097 315975545149927220-ls-0-4 0 1 1 1
10103 315970751249927216-ls-0-1 0 1 1 1
10106 315967943649927217-ls-2-4 0 1 1 1
10114 315972106549927217-ls-0-1 0 1 1 1
10119 315977175749927217-ls-0-1 0 1 1 1
10124 315971099549927219-ls-0-4 0 1 1 1
10124 315971099549927219-ls-1-3 0 1 1 1
10124 315971099549927219-ls-3-5 0 1 1 1
10124 315971099549927219-ls-4-7 0 1 1 1
10124 315971099549927219-ls-5-6 0 1 1 1
10127 315976264649927215-ls-0-7 0 1 1 1
10127 315976264649927215-ls-1-8 0 1 1 1
10127 315976264649927215-ls-9-11 0 1 1 1
10127 315976264649927215-ls-11-12 0 1 1 1
10128 315970542349927222-ls-2-5 0 1 1 1
10128 315970543349927222-ls-1-3 0 1 1 1
10128 315970543349927222-ls-2-4 0 1 1 1
10130 315971658049927218-ls-0-5 0 1 1 1
10134 315966265149927211-ls-0-1 0 1 1 1
10145 315967948449927209-ls-0-1 0 1 1 1
10149 315972905249927214-ls-0-1 0 1 1 1